event_ids <- data.frame(year = c(2016, 2013, 2010, 2007, 2004, 2001),
                        id = c(20499, 17496, 15508, 13745, 12246, 10822))

states_list <- c('NSW', 'VIC', 'QLD', 'WA', 'SA', 'TAS', 'ACT', 'NT')